           1           2  0.40592567045200628     
           1           3  0.17415465970051414     
           2           3  0.40159796471257042     
           1           4  0.23540049806736335     
           2           4  0.38328836123404214     
           3           4  0.47067734568868064     
           1           5  0.40713088406740261     
           2           5  0.33785237883310110     
           3           5  0.49019650584163621     
           4           5  0.48653102845585583     
           1           6  0.56620639295925879     
           2           6  0.58683240258787261     
           3           6  0.23735178869991536     
           4           6  0.11021457979268075     
           5           6  0.44616661231047994     
           1           7  0.37555060353869962     
           2           7  0.21415887231751535     
           6           7  0.30776926850059455     
           2           8  0.22523273496633689     
           3           8  0.34746958886404222     
           4           8  0.32376494373060999     
           3           9  0.10440102903211176     
           4           9  0.36769035460369537     
           5           9  0.17517066550044563     
           1          10  0.11400309731088601     
           3          10  0.13262658344227632     
           9          10  0.28496486190684223     
           3          11  0.27440095940842679     
           5          11  0.21711500190659810     
           6          11  0.37030188169122424     
           1          12  0.29682477624913878     
           2          12  0.22026405397448562     
           4          12  0.19958345982100537     
           5          12  0.16355423037528069     
